Квадрат 1 5
Прямоугольник 7 5
Круг 2 8
Элипс 1 5 8 9
Квадрат 1 5
Прямоугольник 33 17
Элипс 8 13 11 6
Прямоугольник 45 10
Квадрат 1 5
Прямоугольник 555 333
Элипс 8 13 11 6
Прямоугольник 66 39
Квадрат 1 5
Прямоугольник 555 333
Элипс 8 13 11 6
Прямоугольник 66 39
Квадрат 1 5
Прямоугольник 555 333
Элипс 8 13 11 6
Прямоугольник 66 39
Квадрат 1 5
Прямоугольник 555 333
Элипс 8 13 11 6
Прямоугольник 66 39
Квадрат 1 5
Прямоугольник 555 333
Элипс 8 13 11 6
Прямоугольник 66 39
Квадрат 1 5
Прямоугольник 555 333
Элипс 8 13 11 6
Прямоугольник 66 39
Квадрат 1 5
Прямоугольник 555 333
Элипс 8 13 11 6
Прямоугольник 66 39
Квадрат 1 5
Прямоугольник 555 333
Элипс 8 13 11 6
Прямоугольник 66 39
Квадрат 1 5
Прямоугольник 555 333
Элипс 8 13 11 6
Прямоугольник 66 39
Квадрат 1 5
Прямоугольник 555 333
Элипс 8 13 11 6
Прямоугольник 66 39
Квадрат 1 5
Прямоугольник 555 333
Элипс 8 13 11 6
Прямоугольник 66 39
Квадрат 1 5
Прямоугольник 555 333
Элипс 8 13 11 6
Прямоугольник 66 39
Квадрат 1 5
Прямоугольник 555 333
Элипс 8 13 11 6
Прямоугольник 66 39
Квадрат 1 5
Прямоугольник 555 333
Элипс 8 13 11 6
Прямоугольник 66 39
Квадрат 1 5
Прямоугольник 555 333
Элипс 8 13 11 6
Прямоугольник 66 39
Квадрат 1 5
Прямоугольник 555 333
Элипс 8 13 11 6
Прямоугольник 66 39
Квадрат 1 5
Прямоугольник 555 333
Элипс 8 13 11 6
Прямоугольник 66 39
Квадрат 1 5
Прямоугольник 555 333
Элипс 8 13 11 6
Прямоугольник 66 39
Квадрат 1 5
Прямоугольник 555 333
Элипс 8 13 11 6
Прямоугольник 66 39
Квадрат 1 5
Прямоугольник 555 333
Элипс 8 13 11 6
Прямоугольник 66 39
Квадрат 1 5
Прямоугольник 555 333
Элипс 8 13 11 6
Прямоугольник 66 39
Квадрат 1 5
Прямоугольник 555 333
Элипс 8 13 11 6
Прямоугольник 66 39
Квадрат 1 5
Прямоугольник 555 333
Элипс 8 13 11 6
Прямоугольник 66 39
Квадрат 1 5
Прямоугольник 555 333
Элипс 8 13 11 6
Прямоугольник 66 39
Квадрат 1 5
Прямоугольник 555 333
Элипс 8 13 11 6
Прямоугольник 66 39
